134 12 0 4367 2231
240 4 1 2663 5386
581 14 0 3566 4031
401 10 2 288 851
886 14 0 2346 1398
228 15 0 2324 4236
593 15 0 5745 336
464 18 2 4313 2734
944 17 0 1795 3027
572 17 2 2119 5964
545 19 0 2449 5303
990 20 0 5267 355
828 9 2 5879 79
578 26 2 1717 3689
142 17 1 4379 2326
975 11 1 499 3904
711 3 1 1466 4950
455 20 0 2234 3610
655 22 0 5950 355
26 24 0 3646 4600
803 24 0 1586 276
885 8 2 4180 2618
949 10 1 705 790
613 24 0 57 4996
458 25 0 5345 1252
193 25 0 203 4212
550 26 0 4706 4641
422 24 2 3200 2298
681 15 2 3518 1406
219 24 2 4594 194
789 26 0 940 4905
526 28 0 1674 247
858 30 0 160 5852
437 18 1 731 1313
765 15 2 904 2231
525 14 1 2575 1252
418 1 1 156 222
659 18 1 1361 226
196 15 2 5308 3766
145 19 1 4018 843
576 19 1 4779 4080
669 6 2 3356 853
966 15 2 3986 3387
810 8 1 1446 3508
288 20 1 1961 4553
477 15 1 1253 4612
309 5 2 3975 3610
721 7 1 372 3672
381 20 1 1248 4838
186 23 1 2815 4798
109 23 1 2090 3775
237 18 2 98 843
135 12 0 3846 537
530 5 1 2509 705
46 27 2 4859 5908
429 1 2 3859 3746
92 10 2 4161 1579
558 19 2 3586 4998
428 28 2 5233 842
993 30 0 5875 3689
583 5 1 4694 1586
788 19 2 197 4119
521 10 0 1087 3381
34 5 1 226 230
190 28 2 1058 355
272 19 0 1196 3338
225 20 2 2207 2354
479 3 2 448 205
951 15 1 2521 2618
3 6 0 3342 9
754 29 2 3055 383
40 6 1 4285 4372
928 14 2 3351 5885
377 13 1 2786 189
759 27 1 2413 2483
268 4 2 3523 5633
420 12 1 1488 1726
904 30 1 3113 1440
476 1 0 2656 1406
101 29 2 838 5525
405 15 1 3427 2205
331 5 0 4772 2327
597 29 2 1834 5654
165 30 2 2756 2034
855 30 2 3024 126
777 2 0 5399 424
177 1 0 2600 2839
946 29 2 1580 2649
795 30 1 3984 1625
697 29 2 259 3559
205 15 2 5785 5769
703 30 1 3532 133
716 30 1 4122 5682
119 28 1 1627 1190
693 28 2 3453 5263
94 15 2 4261 5622
591 27 1 1745 1819
402 27 1 1831 5867
584 26 1 2902 4859
120 26 1 2480 329
768 14 2 5524 3475
840 28 2 3876 4470
102 14 2 3578 2394
957 14 2 2351 4637
439 25 1 4100 4885
356 28 2 3374 3344
290 22 1 3358 5321
7 22 1 4962 5304
739 22 1 76 1964
555 22 1 3257 3216
234 22 1 1063 2179
827 20 1 4177 4313
988 13 2 3729 4682
929 20 1 468 133
894 12 2 839 5987
50 20 1 2868 5694
4 19 1 3490 1475
834 18 1 983 5809
159 26 2 4113 4421
750 18 1 909 3636
394 12 2 3895 1295
909 17 1 2635 2031
18 15 1 2743 4669
606 15 1 2176 67
295 15 1 2953 359
544 13 1 5881 5117
628 11 2 458 974
215 12 1 1582 4470
410 12 1 35 4836
508 12 1 2686 5384
153 11 1 1562 2382
436 11 1 3542 648
79 11 1 967 3861
763 11 1 5538 2474
49 10 2 12 2776
735 10 2 3006 4403
147 30 0 2612 2794
104 8 1 4937 3040
441 30 0 3206 1774
633 24 2 4042 132
426 29 0 4009 4869
252 29 0 3740 3751
188 8 1 5662 3673
463 27 0 2814 2542
174 24 2 1473 1897
210 27 0 5669 1880
978 23 2 304 133
563 7 1 5281 2944
481 26 0 5474 5987
534 7 1 5346 2844
98 25 0 4714 349
96 25 0 3307 2267
666 22 2 399 5199
519 24 0 3423 5119
689 22 0 5339 4962
364 21 0 4830 479
467 8 2 5455 2474
595 21 0 2576 612
731 8 2 5742 2741
609 21 0 5366 2474
180 16 2 5920 2021
319 2 0 5396 1497
725 2 0 2980 5961
536 30 2 4140 3208
108 3 0 3498 3208
325 1 1 688 4581
294 2 2 2162 5638
741 3 0 5515 1946
674 3 0 1205 3999
939 1 1 5184 5689
432 3 0 4467 4962
35 17 2 1462 2994
378 17 2 4063 3187
232 2 2 1453 5473
559 5 0 915 5300
696 6 0 2751 4395
239 6 0 5843 5119
60 3 2 5459 2904
56 6 0 2300 4398
879 18 2 1590 4773
809 3 2 4964 1621
266 2 1 5554 359
113 7 0 4810 5333
339 7 0 1486 990
567 3 2 815 4199
315 3 2 5529 3224
456 3 2 5356 3134
587 8 0 1645 4437
947 8 0 4305 1506
417 9 0 3294 1686
327 2 1 3796 3854
987 4 2 3734 5347
764 9 0 2090 5401
873 3 1 5329 5827
766 11 0 4814 610
111 5 2 2585 1497
323 3 1 837 4311
700 8 2 3256 5999
311 21 0 4500 1662
45 6 1 1165 4847
121 21 0 1626 310
604 7 2 4717 2865
712 20 0 3526 4450
730 7 2 5174 5662
57 21 2 462 5890
818 20 0 5981 126
585 18 0 3977 1756
15 18 0 5043 4773
169 21 2 2330 3773
408 17 0 3510 5300
925 5 1 482 4108
160 17 0 3252 4826
459 16 0 1153 5901
250 19 2 937 3667
973 11 0 1292 2543
833 13 0 2014 514
551 13 0 2160 2362
469 14 0 5110 3604
125 15 0 5581 770
564 15 0 4326 3999
842 14 0 1286 1332
727 18 1 425 4535
710 15 2 435 4460
136 4 0 3295 3845
878 28 2 4228 5710
71 27 2 3613 3269
627 27 2 5095 1496
231 5 0 564 136
478 26 2 3880 4223
271 12 1 3809 5945
212 6 0 4494 391
301 30 1 3122 1214
880 30 1 2387 1182
183 15 1 4144 4776
631 29 1 3119 1471
868 13 2 3734 2850
349 12 2 1619 2528
287 12 2 4068 746
255 30 1 4428 1473
608 24 2 3011 2074
127 18 1 3444 5659
881 22 2 5784 2252
661 11 2 2194 4756
305 28 1 2162 1303
932 22 2 4641 5237
888 30 0 2855 4721
997 19 1 4540 5133
258 14 1 4028 865
447 29 0 450 4975
752 21 1 3877 5439
385 22 1 5182 5365
883 10 2 14 2449
783 27 0 2467 5863
66 21 1 4215 3830
847 10 2 5966 3616
797 26 0 5107 297
685 24 0 1121 5944
139 23 0 3058 5959
167 21 1 854 1955
969 9 2 3423 3023
747 30 1 383 2775
141 22 0 3139 362
151 23 1 4073 3396
424 8 2 2884 865
286 8 2 2095 1487
367 8 2 5407 5522
281 8 2 5070 38
1 22 0 2781 209
182 20 1 5091 2755
982 7 2 2204 1594
662 21 0 4718 1300
579 6 2 4173 631
800 11 1 408 4168
603 28 2 930 3718
682 15 2 5398 3148
992 17 1 189 1740
501 29 2 5313 4802
684 23 1 3139 2589
901 29 2 1476 1637
222 30 2 3223 38
365 1 1 1063 2558
522 1 1 5052 1449
507 1 0 5941 760
736 29 1 1739 4227
511 1 1 699 4925
660 7 1 3208 503
110 17 1 2436 2811
452 11 1 4142 5911
235 16 2 5105 3243
187 3 1 826 2500
490 16 2 2131 5318
958 20 1 4945 1182
1001 2 0 2510 3830
784 21 1 1436 2753
952 17 1 178 1160
348 2 0 5219 5388
853 5 1 3463 4795
690 5 1 617 4082
472 6 1 3462 1847
720 15 0 3596 2976
106 6 2 5895 2004
340 21 0 2460 2049
600 8 1 2442 938
492 11 2 3495 3973
333 8 1 2713 3802
808 19 0 4379 3182
650 6 2 747 4695
220 8 1 5227 2074
398 5 2 462 5754
78 17 0 2851 4640
308 6 1 1632 4047
161 18 2 1199 5721
9 17 1 1559 5113
374 30 0 2261 943
150 29 1 2397 3897
2 29 2 1029 5166
438 29 0 2900 3462
207 29 0 1473 3885
179 27 0 5115 266
781 3 0 3106 620
656 29 2 4733 5492
83 26 0 1889 4616
917 26 0 1951 4602
285 9 1 4819 2656
762 26 0 639 3442
206 26 0 936 762
967 10 1 5896 3944
677 24 0 216 2765
962 21 1 2861 1338
214 24 2 1617 3450
539 22 0 4680 1482
755 14 1 1949 4429
625 15 1 5581 5586
265 21 0 2915 3875
557 24 2 3280 220
663 20 0 1825 3238
911 20 0 1005 524
819 10 1 3340 5559
668 20 0 2451 3431
194 20 0 1493 4364
938 11 1 227 5559
542 25 1 195 1963
717 19 0 2728 752
360 23 2 4037 3435
241 18 0 2139 2121
531 17 0 1833 1864
753 17 0 5836 4897
247 15 1 2794 4781
248 26 1 3463 1415
864 7 0 1932 5194
971 21 2 832 752
16 26 2 2873 2874
532 2 0 5523 2342
654 30 1 4268 674
195 2 0 5810 2530
996 28 1 4792 3950
620 24 1 1558 6003
427 2 1 1822 826
369 2 0 1762 4642
745 26 1 2067 2152
771 3 0 3019 2173
646 2 1 444 4539
729 29 1 4960 1702
505 1 2 5701 3647
184 16 1 2642 18
59 19 1 2240 1100
73 20 2 2357 3053
786 1 2 5305 2646
588 11 2 2927 5856
168 1 2 5611 3518
959 19 2 1699 4512
852 16 0 667 1123
560 19 2 4234 1437
921 12 2 4586 4316
571 26 1 2866 387
488 12 2 5548 4280
462 2 2 2710 2675
343 3 2 2495 512
884 3 2 1898 4055
100 13 2 684 4602
817 3 2 4481 2078
870 3 2 5236 1378
85 17 2 3765 3177
404 14 2 4563 3462
811 4 2 5124 3647
384 4 2 3325 455
185 7 1 3969 2541
497 10 0 996 1791
495 15 0 1412 3562
778 22 2 399 4392
839 18 2 2784 3104
253 15 2 1925 303
770 15 0 1688 3081
86 24 1 3175 3253
920 10 2 345 2342
496 10 2 5798 3107
601 26 1 721 2102
19 14 0 3968 387
480 30 1 4647 2068
782 8 2 2441 1466
821 15 0 377 18
640 19 2 5524 166
149 11 1 3886 4084
792 15 2 3216 3711
653 15 2 5994 3757
528 7 2 1868 4825
856 7 2 3125 49
341 4 1 598 2075
82 16 1 525 4576
217 27 1 4343 1906
128 30 0 4204 669
413 1 2 4066 1649
55 18 1 3194 2812
860 21 2 3535 5663
47 21 1 410 2098
216 9 0 5828 2749
798 17 0 132 3997
543 20 2 4030 4770
963 28 0 5936 444
621 28 0 5600 850
647 20 2 2712 4981
796 9 0 5392 4013
758 10 0 3528 5213
68 18 2 1073 4886
801 10 0 3377 181
746 26 0 915 2422
641 23 1 4021 3993
84 9 1 255 2992
598 17 2 580 70
950 21 1 3180 4190
615 10 1 4985 1389
848 11 0 3631 3716
981 25 2 4356 5302
824 16 2 3316 895
820 24 0 5942 1278
162 16 2 3373 2144
306 12 0 5816 1760
635 15 2 4274 5173
773 15 2 475 241
723 12 0 3505 1667
53 24 2 4082 486
875 16 1 205 4374
836 28 2 2706 1707
89 4 0 5646 2075
208 21 0 2769 2687
900 12 0 4314 3282
419 14 2 3502 3600
483 23 1 5568 1593
829 13 0 3208 1636
837 13 0 4941 5482
388 20 0 4500 2266
607 13 1 4191 806
400 13 0 2994 2946
707 22 1 4047 1667
614 16 1 1930 5207
468 19 0 2023 4374
791 1 2 3145 5403
487 1 1 1489 1704
943 25 1 1076 5529
912 1 2 5689 3929
793 2 2 1002 626
392 1 1 5465 3323
471 6 1 3796 2237
52 25 2 2540 4935
701 2 2 5154 4348
706 11 1 1675 5478
618 3 2 1892 4564
514 29 1 1133 4724
960 20 1 5646 1146
262 3 1 5023 509
171 4 2 649 626
678 15 0 4679 5143
178 5 2 5908 5799
599 30 1 220 1133
956 12 1 2373 315
639 6 2 3852 3423
227 2 0 1413 5487
423 15 0 2107 3097
580 5 1 5813 2708
133 11 2 2267 3139
569 10 2 3402 5833
626 10 2 1478 3862
590 18 0 3925 5010
67 11 1 5793 196
1000 19 1 2456 442
245 30 1 2185 4534
898 17 0 5280 3644
671 8 0 4594 4232
43 15 0 4772 2075
617 6 2 4839 1151
823 26 2 5509 4845
350 30 0 5187 2381
940 2 0 4182 5171
862 1 0 2338 118
29 1 0 2367 3645
430 17 1 1766 3293
273 30 0 2182 2198
976 30 1 99 4071
449 30 0 3422 2612
953 21 0 2881 4561
734 29 0 1904 1734
983 12 1 1920 5724
830 27 1 2157 3299
718 16 1 4733 1046
251 29 0 3237 559
845 29 0 1358 5794
757 25 1 69 3170
941 24 1 3447 5281
370 28 0 154 5077
566 24 1 129 483
316 28 0 5455 5271
887 23 1 3523 5198
389 16 1 2371 5618
728 22 1 51 5831
69 22 1 800 2927
164 16 1 3849 5953
173 7 1 1311 930
376 7 1 2839 1169
353 6 1 2349 5271
919 6 1 3278 1918
908 4 1 581 1428
62 3 1 222 997
387 2 1 862 2625
918 2 1 2719 5572
648 1 1 3740 5550
549 1 1 1757 3445
899 1 1 2536 495
473 30 2 2163 4086
838 28 2 5353 5602
877 24 0 1013 600
116 27 2 5091 4475
289 10 1 5111 4916
994 10 1 175 4907
129 26 2 5869 4911
664 26 2 3807 1486
270 25 2 3019 5979
269 22 2 1562 5838
863 22 2 5230 4229
714 21 2 3302 460
122 10 1 3017 1653
676 21 2 1974 1739
126 20 2 2223 749
846 19 2 3683 351
324 19 2 2056 3349
48 18 2 4139 791
312 16 1 2770 175
172 17 2 1441 3160
391 16 2 1392 2323
148 16 2 3749 3293
687 17 1 614 5494
605 3 0 2119 5603
144 3 0 5521 1729
961 5 0 5178 3975
352 5 0 2482 3110
915 18 1 4473 4916
95 6 0 3160 1062
470 7 0 3967 1521
63 18 1 4427 1675
332 14 1 4663 2927
691 8 0 3111 5693
913 8 0 1881 457
176 19 1 2124 3152
415 11 0 3592 1701
254 12 0 2478 3261
760 12 0 548 2712
77 12 0 3008 4461
761 14 0 709 1453
124 20 1 3884 4229
297 15 0 2895 4447
709 2 2 279 578
876 2 2 308 1175
665 2 2 1704 3013
737 18 0 85 2995
201 5 2 4903 598
474 15 2 3892 3231
299 13 1 2445 5906
948 15 2 5730 621
32 13 2 3227 4765
204 13 2 2286 4850
175 13 2 3623 198
431 13 2 4399 1994
64 11 2 2343 5595
637 11 2 5804 888
535 6 0 752 1009
58 10 2 324 1009
123 9 2 1181 1323
619 9 2 1580 4828
434 9 2 2751 4630
328 18 0 1096 4257
756 6 2 5002 888
702 11 1 3640 3261
243 6 2 1370 1221
267 7 2 408 1402
841 9 2 5355 5271
889 11 1 3861 2444
326 26 1 1920 100
509 19 0 660 160
867 2 1 2029 1904
936 2 1 5611 304
450 19 0 2664 1240
435 16 1 3891 2410
673 19 2 782 5739
156 29 0 5842 1613
562 19 0 1836 2292
970 20 2 421 677
368 26 1 4324 1654
380 4 1 1005 160
351 13 1 2882 755
979 29 0 4358 5607
280 18 0 1543 973
74 6 1 304 3494
638 28 0 5061 4186
361 19 1 5408 4211
688 17 1 5758 322
629 16 1 1248 3382
93 28 0 5425 4583
421 27 0 3596 3593
869 27 0 3700 3887
314 16 1 4934 1158
822 22 2 1986 1762
10 7 0 5758 2415
284 17 0 565 2665
775 2 2 661 3052
513 17 1 3763 4146
355 2 2 3692 3481
844 24 1 4293 1687
346 3 2 2368 1762
776 15 0 2537 2245
399 24 2 3325 3361
930 12 1 4399 4433
442 25 0 2899 2259
806 4 2 123 4265
503 10 1 4314 2519
321 6 2 1391 5208
813 4 1 2347 4912
218 15 0 4192 1645
192 15 0 1466 506
425 6 2 4693 3593
802 24 0 2993 2313
443 7 2 2164 4012
785 6 0 3387 2325
491 13 0 3752 4743
905 18 2 5899 5000
131 20 1 3790 2113
902 9 1 5299 379
995 3 0 2664 2868
317 16 2 5212 1451
610 1 1 4937 2316
17 29 2 2169 5359
451 17 1 4509 4146
390 12 0 2250 4186
22 15 2 2620 3787
972 4 0 3705 3687
292 30 1 980 808
634 14 2 2528 854
33 21 0 5755 3277
20 28 2 2362 1770
114 11 2 5493 5858
320 1 0 4463 1966
554 12 2 3251 4556
244 13 0 2087 2981
213 25 2 4226 2248
658 23 0 4308 5558
112 1 0 5889 4595
624 15 1 153 775
499 26 2 5563 1522
565 14 0 4620 125
506 22 0 5924 1770
261 6 0 1059 1865
191 27 1 2175 5127
337 24 1 4217 5108
985 30 1 820 2345
974 6 0 140 3093
575 25 2 1518 88
21 10 0 3804 926
872 19 2 1393 5574
568 11 1 4303 1265
274 29 1 3752 2335
90 25 2 3300 3611
105 9 0 1010 1982
882 19 2 2780 232
246 9 0 798 402
70 28 2 508 960
170 24 1 2313 3474
708 25 2 3018 2615
445 10 1 67 182
804 29 0 2795 681
345 21 2 247 1669
155 6 0 3695 792
743 28 0 4941 2211
137 15 1 2998 5907
8 21 2 4316 2889
146 25 1 1936 1099
493 22 2 1741 1991
42 28 2 245 5703
552 13 1 5894 4068
916 21 1 5318 3501
414 23 1 2286 2537
611 8 0 1073 4918
616 24 1 3432 4507
236 12 1 3921 792
667 21 0 1650 4455
88 8 0 599 1737
935 20 0 1871 2018
61 22 2 5016 2494
683 12 1 996 548
780 23 2 2810 3192
556 26 2 3899 182
118 22 0 1202 2923
546 26 0 2462 1400
75 26 1 3535 1490
649 26 0 4322 1598
277 21 0 4520 3799
475 28 2 5888 334
130 25 0 1353 197
825 4 0 730 3984
623 10 1 1079 4307
152 27 2 1926 5029
965 10 1 1849 532
622 19 0 5199 3879
440 19 0 5235 301
411 19 1 2612 3003
738 11 0 646 5352
498 16 2 4975 3611
937 16 2 2153 2894
335 12 0 3093 5317
927 15 2 2909 4117
293 15 2 389 3440
278 14 2 2370 1141
354 1 0 1033 2603
849 12 0 54 1583
698 13 0 5380 1348
310 1 0 4234 2408
233 11 2 4917 1
6 10 2 1444 104
373 8 1 3435 2785
27 14 0 5069 4784
859 10 2 2161 2018
516 6 1 2838 838
540 9 2 4159 5145
512 7 2 3735 5938
807 18 2 5847 4784
722 5 2 4852 2907
923 5 2 5486 1118
397 4 2 1036 5774
334 15 0 5198 4418
767 2 0 1212 3665
537 2 0 2869 1617
907 4 1 3810 1597
117 5 1 884 4264
103 16 1 5840 4285
713 17 0 3445 2900
865 20 1 5932 5402
705 17 0 5604 958
132 26 1 4181 2137
922 1 0 5091 2934
197 6 1 4199 627
97 29 1 1130 4697
44 16 0 3590 5666
643 16 0 2878 163
260 3 2 1611 1302
794 16 0 2111 68
238 17 0 5707 1574
