941 19 0 1647 3067
196 11 0 3912 1930
955 14 1 3417 1110
408 29 2 1903 1222
439 29 0 3066 1607
594 17 0 1529 1121
749 21 2 2281 2152
1 15 1 1505 3036
390 5 1 1469 2274
781 4 1 2613 2798
426 11 1 1425 184
26 27 2 3585 2423
606 30 0 3781 2221
281 9 2 325 2678
192 14 2 3031 1130
180 14 2 1112 747
790 6 1 3962 3726
236 24 1 1278 367
588 22 0 2956 2582
116 3 1 245 3659
362 7 0 1420 2669
821 6 0 3271 3925
246 16 2 2517 3677
804 25 1 284 1740
309 25 2 2158 3753
529 8 0 2118 1337
674 15 2 249 3362
91 22 2 3460 2099
354 6 2 3621 2317
613 16 0 2320 636
1000 24 0 1808 3200
121 16 1 3714 3846
983 5 2 2742 3223
544 10 1 1073 164
38 8 1 1147 2403
101 2 2 988 3569
712 22 1 2903 1229
482 9 0 855 3107
370 20 2 1770 455
156 27 0 3429 3200
608 17 2 491 3919
541 21 0 491 3058
469 5 2 3718 77
637 1 2 3709 1060
661 13 0 15 982
579 10 2 3651 982
895 16 1 57 4664
23 6 0 1917 2559
527 5 1 991 4616
857 16 2 4608 5470
733 19 1 1225 452
675 11 1 790 5203
866 21 1 5388 3578
322 21 1 2295 5716
500 22 0 3596 1604
861 26 0 804 2386
39 8 0 5402 4988
221 12 1 2089 4879
991 18 1 5417 3245
242 23 1 5990 2395
342 9 0 386 5165
336 10 2 3850 5203
774 12 0 3820 5629
461 5 0 5803 3446
5 24 1 4226 5716
489 15 0 2739 2433
444 17 2 414 4624
510 18 0 968 1466
914 9 1 94 4664
632 26 2 2392 4187
433 19 2 972 4664
257 3 2 5121 3998
181 8 2 466 1927
645 11 1 848 5476
158 20 2 5120 608
968 27 2 5594 2071
454 27 1 3363 248
203 12 1 178 4925
12 20 1 5866 2558
744 19 2 401 2879
719 30 0 1161 82
699 21 0 820 5919
942 9 1 1455 1242
494 10 0 3932 3630
670 14 2 2564 1232
347 10 0 2134 3461
832 14 0 2483 3310
143 11 2 3868 5863
259 25 2 913 5710
41 18 2 26 816
933 10 2 3590 5592
107 6 1 140 4585
14 13 0 5066 3454
541 2 1 4371 2009
372 18 1 774 715
831 16 0 1001 3069
200 24 1 4430 3138
393 29 1 2209 5479
748 1 0 3307 3296
229 2 2 1074 3269
276 28 2 5726 3550
742 21 0 3527 3833
926 13 2 3640 2775
897 8 1 1614 1759
28 30 0 3033 2780
843 20 0 5900 861
453 12 2 3072 3495
54 11 1 2080 4795
636 9 0 337 3833
850 10 0 208 5048
76 8 2 211 2621
695 11 1 5599 4611
81 8 0 3652 4414
686 9 2 4168 5412
529 21 1 2710 4423
403 11 1 1792 23
87 16 0 4905 1286
279 13 0 3274 3011
51 3 2 5469 5454
891 22 0 3599 4820
407 26 0 3401 5047
694 12 2 4937 1066
874 23 2 1247 1319
38 20 1 4020 2987
574 2 0 5786 1193
652 15 1 776 381
517 4 1 2300 4691
715 17 1 740 1152
382 6 0 3538 3887
799 3 0 1154 2619
954 6 2 555 3098
547 18 2 586 1613
36 19 2 3672 5865
24 21 2 1378 572
363 7 2 1111 1217
409 5 0 911 1191
672 10 2 451 4019
999 6 2 21 4021
486 16 0 4339 1687
924 5 0 1942 381
502 18 0 835 3250
11 28 2 3750 2454
890 22 2 3684 2742
198 12 0 853 5972
790 23 0 1437 2444
72 23 0 687 3687
533 30 2 5254 4303
226 13 2 5660 3362
25 28 1 443 1259
679 16 0 1329 1690
989 11 2 1716 2317
199 20 2 1659 156
138 26 0 4601 4185
307 15 1 2982 5568
903 9 2 5814 5568
13 14 2 1664 3085
303 24 0 4630 4271
366 16 1 274 4522
732 15 1 1395 1627
751 2 1 3916 2044
329 24 2 1774 897
358 18 0 1966 4648
524 11 0 936 3325
223 13 2 3248 2393
980 17 2 3576 3744
749 20 0 586 300
854 9 1 5887 5131
115 5 1 3244 4469
548 8 0 3904 4224
291 10 0 4653 2860
553 4 2 4217 2975
230 10 0 4984 2975
300 16 1 4255 1153
263 12 2 4802 4562
955 3 2 1560 252
612 20 1 4244 1735
304 1 2 4848 5796
99 10 2 2094 2070
892 25 0 5664 680
302 7 1 5917 680
871 6 1 5921 1688
330 16 0 5817 5565
157 26 1 4474 969
724 28 0 3524 5218
457 26 1 5886 1499
65 14 1 4101 1499
602 6 0 852 2314
704 1 0 4063 3654
779 2 1 4 4393
644 23 0 4395 1007
484 26 2 1936 5313
211 17 2 3589 4188
977 30 2 1069 4991
561 3 0 4671 5283
37 25 2 1434 2490
893 29 2 1363 2490
651 13 0 5047 3087
209 14 2 3344 2308
586 3 1 1867 1015
362 6 2 2879 3001
282 21 2 3406 4095
582 14 2 5114 779
357 12 0 3215 779
769 22 0 3404 3533
313 18 2 3805 5619
30 14 2 2643 3498
998 17 2 1528 3974
485 19 0 2982 5843
931 6 2 2545 2330
520 8 2 426 5946
140 5 2 2052 2003
386 22 2 3187 4315
446 4 0 4561 390
812 1 2 1575 593
202 2 2 2694 3529
344 7 2 574 3529
91 23 0 4791 1491
31 6 1 4715 3561
396 30 2 3152 2607
154 4 0 945 4306
851 6 2 613 5624
523 14 0 3555 262
642 17 1 2132 113
630 15 2 1146 5553
805 22 0 3921 463
379 23 2 3925 4151
826 23 1 4268 1909
896 11 0 5744 2159
412 14 0 4707 2878
504 19 0 4182 27
594 6 0 4539 4508
338 4 1 4547 5612
815 30 1 5464 4385
80 29 2 5510 5001
298 12 2 2646 2153
934 7 0 5699 1806
275 8 2 4218 5153
283 9 2 374 5153
816 23 2 3134 5153
460 9 0 685 1624
573 18 0 5290 4599
984 14 0 1803 1216
740 20 2 5714 4457
359 17 1 3847 4633
163 7 0 53 3467
910 16 1 5797 1456
570 20 0 805 5308
318 13 0 1736 5308
482 24 2 4225 2164
906 5 2 2468 2554
726 2 2 4251 2221
596 30 1 3707 5980
814 13 1 2040 3319
538 22 2 2969 2586
224 2 2 4348 106
375 19 1 1496 4160
406 21 1 5668 4063
835 4 2 3881 1588
166 12 1 345 3519
515 24 1 2807 2396
964 10 0 2347 4785
692 9 2 5845 5377
589 15 0 5765 4785
256 17 2 4831 1053
787 28 0 4401 3871
680 20 2 2338 1825
466 4 1 2044 2117
249 28 0 464 5021
945 20 1 5149 5382
592 29 0 1475 153
448 12 2 1325 1907
264 17 0 4463 4533
296 4 0 5180 5005
383 1 2 4154 5951
577 9 0 1909 4617
518 14 0 5516 2699
371 25 1 3796 5877
416 11 1 2105 1405
189 4 1 5038 1231
986 12 2 1459 685
395 9 0 87 3375
772 9 0 4635 4483
657 1 1 4050 46
